6 0.042851237450942
8 0.056637619369351
10 0.011561186576293
12 34.423453792950854
23 0.003018735614202
25 11.329680713227987
27 0.046213190745207
28 0.003033634238475
29 0.048251202882064
33 0.247571891329543
35 0.003059420539137
36 0.005113951723125
39 0.931237086534564
42 0.031750416435719
43 1.723371407752112
46 0.007188888746355
47 0.030258171205053
49 0.007464004710385
50 0.010007535571177
51 0.161345916210903
54 0.001977372436002
242 0.002876325267698
247 0.005795294189718
248 0.002680942450101
249 0.003094574829079
253 0.003173100736054
254 0.001483295431322
255 0.001977372436002
259 0.006292417374208
264 0.011273922460892
268 0.001977372436002
269 0.014918102468417
270 0.001977372436002
271 0.003094574829079
272 0.001977372436002
274 0.001977372436002
278 0.003094574829079
280 0.001977372436002
290 4.256610479983168
291 0.003954744872005
293 0.001977372436002
296 0.001977372436002
301 0.001388360733299
303 5.201367793795630
305 3.251756580269667
307 17.788626972297508
308 8.317933303605795
309 0.213584351433574
311 0.263243515617925
312 0.047019905371976
313 0.032748745030200
314 0.028768917394501
315 0.017646223335996
316 0.028211951301507
317 0.020642394488587
319 0.040663671715528
320 0.017182037568389
321 0.003127842559022
322 0.009446720581716
323 0.009385246125305
324 5.013618046371997
325 0.010118124779715
326 0.018086142226561
328 0.027147688132135
330 0.086117159965873
332 0.135960610836797
333 0.003094574829079
334 0.266395785539399
336 1.789227701145231
337 1.512024601744436
339 8.754903124116105
340 0.192629594608232
344 0.265884164536405
348 0.003084209211703
349 0.309591825985468
351 0.003084209211703
358 4.037755303091920
359 0.722852832971697
368 0.188004586652307
369 0.153692741616340
568 2.470304773902567
569 3.059755716592131
570 3.290661954030279
571 0.003130250189808
572 0.341027307642713
573 4.555120681402535
574 0.429644434331230
575 0.003143928210918
576 6.265945891084920
578 1.844606813366389
579 1.746561015301237
580 0.749631120398720
584 0.742557694922366
586 2.515718845561662
587 5.457940141269066
590 0.755000165325481
591 0.003136579287123
592 0.004552641823172
593 3.905890405422456
594 3.831060111895597
595 4.198116741887638
596 0.001483295431322
597 0.313330656621930
599 0.846715939822761
600 2.771326879327266
606 0.003139553114060
612 0.435341934838856
615 0.316574456727468
616 0.012555347050976
617 0.060250430780258
618 0.006327174952924
620 4.556629861249253
621 1.649467131515615
623 0.052826377414141
624 7.053771357591469
625 0.596233374804922
627 4.019863436876644
628 1.907175959029768
629 0.006134953023811
630 0.416636365490449
632 0.297691732653720
633 3.417126509624320
634 0.522916054276524
639 1.420360615635363
640 0.421497683855795
642 0.253582671198570
643 0.163794425633362
644 0.003018735614202
645 0.053884647721023
649 0.123801444450265
650 0.013853068048212
651 0.619863108559752
652 0.031680407621756
653 0.576473716000925
654 0.021862073498812
655 2.284964143691108
656 2.315918534530375
657 0.917593199886649
658 0.474520948731055
659 0.440559330140631
661 0.462758023811898
662 4.522926310734514
663 1.742449034511555
664 2.727471788067299
665 0.720071648375119
666 1.007849173103229
668 0.076389053809522
669 0.003136579287123
670 2.928451816443893
673 0.613923543191843
674 1.277784972035494
675 0.248560177359687
676 1.083103527404393
677 0.613665247808141
678 0.239343322698928
679 0.267124097265475
680 1.415816531423160
681 0.417192800693085
682 0.620760917959642
683 0.262639235398333
684 0.025347782316526
685 0.615669098676920
689 6.900500157793856
690 2.248977160897579
691 3.121540843834246
696 0.173457438128363
697 1.124802195826500
698 2.642048711847032
699 0.006067241645510
700 2.732987120527970
701 2.916222778606598
703 0.276078840703015
704 0.144812529917046
705 0.152383991443813
706 0.345436570726261
707 0.142051204404087
708 0.215798535400307
709 0.149301196109916
710 0.091221338287839
711 0.407271293994148
712 1.223756149802360
713 0.999478372607286
715 0.009146865798069
717 3.864186478331892
718 0.599837123083440
719 1.942708922534653
728 0.733483996087316
730 0.113244972846880
734 0.543463711273617
735 0.009537312848759
736 23.530608432345880
737 14.310651718917713
738 9.339003919808348
740 6.231395921091359
741 7.396345710264199
742 0.003144148582626
744 11.842784489379033
746 6.979044449487532
748 0.892140226693937
749 0.003167181605696
751 4.581446110115471
752 5.925387313489302
753 2.049170419864567
755 0.003144148582626
759 0.003136579287123
762 0.003136579287123
764 0.174594465664220
765 18.864998405438566
766 0.101704622545765
768 0.082359506653521
769 1.530101738448805
770 9.238291237292167
771 8.968392078787006
772 0.807154648768693
773 1.705098023725958
775 3.359494628288679
776 0.007728984022226
777 0.208563092743504
779 0.027055893458064
780 0.604675547217204
782 0.356271119336406
783 12.439548337715914
784 0.409413541368761
785 1.068282461437718
786 0.248279019408507
787 0.198264037776217
788 0.144263334263994
789 0.232655475382130
791 3.627541574579199
794 0.055823307230998
795 0.146306571183217
798 0.742730153198407
799 0.785008956324875
800 11.030224590264847
801 0.128819912871646
802 2.366960655823511
803 4.741158291748829
804 0.003172073076242
806 3.072532001668283
808 4.239131139607627
809 1.656126029882411
813 0.003159092102484
814 0.006280727869748
815 0.003144148582626
816 0.003144148582626
818 0.003144148582626
819 0.007595740446836
820 0.003136579287123
821 0.006103540377122
822 0.040956869508578
824 0.836627906613069
825 0.302022397375579
826 0.003175246161517
827 0.003151567467183
828 0.006323640543425
832 0.003151567467183
835 0.451083256560550
839 0.011696053223748
840 1.168228990793993
841 3.188199202372670
842 0.865164426050826
843 2.394852663228410
844 6.013887799156152
846 0.025383055795644
848 1.946592987512505
849 2.251131870325606
850 2.782549145764612
851 1.295142206612988
852 7.779279500583168
853 0.617118336628240
854 1.330475220048811
855 0.212696635023832
856 12.946521442836316
857 0.674728077984922
858 0.003094574829079
859 0.238402975504005
860 0.012623889627691
862 1.891992112297200
863 16.023883155221958
864 7.302437390975746
865 0.560148411759100
866 0.763215618040735
868 0.330493325539538
869 0.320909623531583
870 0.411125195175539
872 1.402835292730539
873 0.009497118567081
874 7.414305609114872
875 0.090130600705881
876 0.964317830764855
877 0.507411620558607
878 0.585027626148474
880 5.669158883272364
881 0.125955128439612
882 0.133491980688399
883 0.057772259366774
884 0.227697705334562
885 0.057017080420148
886 2.169834928576452
887 1.568604853936632
888 0.653585499775830
889 0.197068194970817
890 1.691456898027787
891 0.003167181605696
892 0.079753960261069
893 19.463423369364745
894 3.102834211818444
895 0.045471583078011
896 2.013052347300033
897 2.106978315403955
898 1.135199177247332
899 0.606145574540755
900 0.697114639349547
901 0.709038546045579
902 6.101430973308661
903 0.337410889438174
904 6.338627864919420
905 0.073689295502658
906 0.424017222425124
909 1.187281760365678
910 0.050779045589133
911 0.994285565377540
912 0.003190900434610
913 2.608222247009441
914 0.752318302549453
915 0.384129460950856
917 0.024609228961163
918 0.040647243374352
920 0.539626315770333
921 0.609045595600262
922 2.025961175157639
923 0.003167181605696
924 0.793284210186837
925 0.098470287855131
926 0.006185917219897
927 2.692994314872661
928 1.097190737551054
929 0.527643368574284
930 0.559883663627443
931 0.781825342198386
932 0.137183840655036
933 0.671399966850019
944 0.001472914982650
948 0.040359229041272
951 1.860473241929003
952 0.488915374163648
953 0.148732069781631
954 1.481212614546315
955 0.203294021173333
956 0.825463360880411
957 0.338008498473534
958 0.390774738109191
959 0.027001697134506
960 0.423737840118205
963 0.456564438666519
964 0.028540759137372
965 0.158258669555355
966 0.052753002362745
967 0.066473822608439
968 0.006142000178069
969 0.372676330866130
972 0.462541538577385
974 1.285026734326896
975 0.037684074044522
978 0.107876111925641
980 0.371038041319765
981 1.713451093288497
982 0.034648409622588
983 2.038080178922467
984 2.620465879451034
985 0.018141080013844
986 0.413014045732655
988 0.149425953280813
989 2.664043648987309
991 0.841631303363554
992 0.660168427993868
993 0.433398706693139
994 0.132163217321943
999 1.832752110283769
1000 1.549659291806331
1002 0.699418606995437
1003 0.104161266936262
1004 1.280071829518724
1005 0.932807726855993
1006 2.080176697509839
1007 2.492528715390889
1008 2.175497822268373
1009 2.050288188250833
1010 2.771875631278491
1011 2.392877925107170
1012 2.244501098389801
1013 1.952811586927894
1014 4.117857023349800
1016 0.454969116557693
1017 2.651030069934883
1018 0.255772287439917
1019 2.118641716705255
1020 1.230596886029840
1021 0.165161483701108
1022 1.921620600194334
1023 12.617819648873809
1027 2.146187632597355
1028 0.814987611556336
1029 1.263567080617901
1030 1.051126827769244
1032 0.358270022680668
1033 0.356710418269910
1034 0.945930737589068
1035 0.050229155091356
1036 0.315333706313628
1038 1.201433468722158
1043 0.068248970609901
1044 0.277610854230845
1046 0.100909577132410
1047 0.854726234462164
1049 0.245081909292638
1050 1.182261982550847
1051 0.627719887881337
1052 1.241141351109974
1053 0.007317674978288
1055 0.488710093293331
1057 0.458201297784830
1058 0.648663954501194
1059 0.059991440819768
1063 0.209654531290989
1064 1.109386268267877
1070 0.006349619640342
1071 0.145140170125603
1077 0.059918601076471
1078 12.556082582204214
1087 0.003151567467183
1099 0.003175246161517
1100 0.001295026503389
1101 0.003172073076242
1109 0.157971820676435
1110 0.063141676988999
1111 0.123406697342032
1112 0.091740131343255
1113 0.088729917252941
1114 0.053464691884526
1117 0.635892098001104
1120 0.003167336516006
1121 0.003184587479436
1122 0.003130607304452
1125 0.004219698923751
1126 0.003162856366947
1127 0.011578069676237
1129 1.822095175093162
1130 3.149661143054603
1132 2.950139678665654
1133 1.410917567713025
1134 0.519918621248847
1135 0.503854912373089
1136 0.035851871774635
1140 0.658898140911338
1141 0.271460325466119
1142 0.269380608481823
1143 0.546383828573467
1144 0.348393941801572
1146 0.692618999191000
1147 0.315561888506747
1148 4.076488589736065
1152 0.213252969126629
1153 0.002836730222931
1154 1.919324058224713
1155 0.199902699196130
1158 0.460605964191741
1159 0.920930612141799
1160 0.219481753945111
1162 1.343266421868743
1164 5.075291613824539
1166 0.213730661237435
1167 0.349991216737247
1168 1.026505070040929
1169 0.214560472808563
1170 1.994099860588635
1171 0.983026240945869
1173 0.447130710886427
1174 3.300802409196305
1175 2.633698489969859
1176 0.186303701376076
1177 4.157308932478909
1178 2.116240636839203
1181 0.329440052980499
1182 3.394545412912753
1183 0.398526350071479
1184 0.000000022449973
1187 1.040800716993598
1189 0.258630561637529
1190 0.322773946099639
1191 0.012695372832957
1192 0.083705802595404
1193 0.170338745521807
1194 0.082508987610025
1196 1.183573984781730
1197 0.255958134804423
1198 0.721703593789956
1199 0.009480979793442
1200 0.313800743791779
1201 1.274610026463389
1202 0.330319263458290
1203 2.625617102785380
1204 0.298482845012992
1205 0.003162452225990
1206 0.676810551857717
1207 2.363890823562733
1208 3.353356705929942
1209 1.185737343613726
1210 0.758077351851242
1212 1.497593164367542
1213 0.235882904312331
1214 4.514174416196455
1215 0.079671813031160
1216 7.883467019139750
1217 1.113145944542556
1225 0.003172073076242
1227 0.320257464744626
1234 0.046893327288068
1235 0.686257072637003
1237 0.654486969125354
1239 2.095153848477035
1240 1.587874089420485
1241 3.309002580287664
1242 1.235936586382698
1245 0.019065172364034
1246 0.133641232514628
1247 0.506008172470645
1252 2.101849699089252
1254 2.116579553167052
1255 0.006252513980978
1256 0.674248246930553
1257 0.425652607649289
1259 1.732750895968681
1260 1.246842700749863
1261 1.954021523112280
1262 0.209056400501414
1264 0.282576700251347
1265 0.003616328732255
1267 0.488647566161923
1268 0.009532870781795
1270 0.222566323632131
1271 0.451655078174113
1273 7.239689515467323
1274 0.313200650905455
1275 0.120386199271838
1276 0.098366393572934
1277 0.155641809923742
1278 0.053936998449465
1279 0.225865969816984
1280 0.034883582895158
1282 0.009355937025756
1285 0.171523644603941
1286 0.672791969042009
1288 1.868668215212505
1289 0.388106825563111
1291 0.742916801723761
1292 0.247945976356827
1293 0.113593409756444
1295 0.041066750029340
1298 0.643589669598468
1300 0.634991136629145
1301 0.166830119361060
1302 0.545595778524832
1303 0.097994294079759
1304 0.160021769478122
1305 0.110306993770101
1306 1.118844033017562
1307 0.839671292974748
1309 0.101106732867687
1311 0.130543331396074
1312 0.187409611505277
1313 0.398544792177230
1314 0.003095575907220
1315 0.882004140952878
1316 0.167866373554668
1317 1.894386206017326
1318 0.035811940685067
1320 0.003144792405488
1322 0.206613846874734
1324 0.376375296264959
1325 0.378225411784977
1327 0.474491144783971
1328 0.009447977267696
1330 0.005611551030665
1331 0.276791976347870
1332 1.978500331275335
1333 2.269575763422967
1334 2.232420394016426
1335 0.341822606900280
1336 0.396904689654657
1337 0.001483295431322
1338 0.589970354570770
1344 0.363269498981762
1346 0.748435200486549
1347 1.968861796257620
1348 7.168994768080964
1349 0.555798951514899
1350 0.009412460704985
1352 0.068729077127805
1353 0.795464821308481
1354 2.139563725326042
1355 0.076126082291031
1356 0.081371750616480
1357 0.141663058674335
1358 0.915226978581436
1359 0.098451846131014
1360 0.079180543251577
1361 1.364552545713684
1362 0.154851684979018
1363 0.832747915902844
1364 1.542035517983435
1365 2.688289992770383
1366 0.987795163059597
1367 0.642940104100017
1368 1.219236307667641
1369 0.536358546206044
1370 0.847699406979663
1371 0.100545428155664
1372 1.857100189769052
1373 0.164123617618536
1374 0.161008710127050
1375 1.800886887775769
1376 1.160971801470057
1377 0.111687835646555
1379 0.529478313704559
1380 0.441164369735622
1381 0.633742412753291
1382 0.114158058843511
1383 0.525331617037177
1384 0.279602336173400
1386 0.785268966574222
1387 0.369405080206559
1388 0.808723296555099
1389 0.335896326809989
1391 0.043893533825046
1392 0.168038004074287
1393 0.178881532829093
1394 0.379205637449422
1395 1.425894837338811
1397 4.391561560852142
1398 3.499983550198559
1399 0.012783834560560
1400 2.424411825697001
1404 0.225000917987832
1406 0.097551781652501
1408 0.535944782644176
1409 0.094978702841513
1412 0.695988641269529
1415 0.003121572634516
1416 1.949777124467929
1417 2.079443248108009
1418 1.205367416221382
1419 0.470208000614012
1420 0.009367127607138
1422 0.387296375686845
1423 1.515236674599334
1425 2.576896868878244
1428 0.738199322511289
1432 0.015757497999867
1433 0.404864855384992
1434 0.028565383256312
1435 0.177452425289712
1436 4.539015414898653
1437 0.414506536554798
1438 0.318634646123410
1439 0.090082802741564
1440 0.493656659191978
1441 0.094972811535479
1442 2.350753240871171
1444 0.164440857604508
1445 2.312497245953050
1446 1.064358570287900
1447 0.751537330811413
1448 2.069699469223878
1449 0.570472967846499
1451 1.267193182290153
1453 0.742883680868819
1456 0.561186688314833
1458 0.368293568058039
1460 0.632477273262308
1461 3.119725784853472
1462 0.015658646145651
1465 0.010350048454504
1466 0.561259630145851
1478 0.285531073482576
1482 0.192558926838721
1484 0.104586611499025
1485 0.116769602344415
1486 0.794313455007904
1487 0.037104285337292
1488 0.285851381279938
1490 2.045485737063302
1491 1.944193150433584
1493 0.251206400657758
1494 2.504964908629791
1495 2.712403941418560
1496 1.857551103140053
1497 2.031946222243741
1498 1.893527985025753
1499 2.023418433317165
1500 0.095146943427692
1501 0.095240272754379
1502 0.038074972264502
1503 0.056868357605424
1504 0.524293888701643
1505 0.100188841821862
1506 0.105912532854386
1507 0.034651454343835
1508 0.086798677240760
1509 0.163888373130484
1511 0.003175246161517
1512 0.015749777843333
1513 0.170642055568053
1514 0.404911341334990
1515 0.031730854161599
1516 0.025292590890205
1517 0.003174964623152
1519 2.030337583875416
1520 1.169877352445442
1522 0.156849710849591
1523 0.622182111756954
1525 2.888060456228127
1526 0.120469472780871
1527 0.268668845157450
1528 0.220316609030984
1529 0.349765838774507
1530 1.708331621461637
1531 0.009422990148092
1535 0.060635936240811
1536 0.558201906556510
1537 4.225696907956968
1538 0.203526756108190
1539 0.012572792588376
1540 0.907448017187822
1541 2.523702928971887
1542 0.717678978982533
1543 0.110952084385824
1544 0.933467935085538
1545 0.152667081143028
1546 0.364687787025830
1547 0.071284409732163
1548 0.133122607557051
1549 0.157961152962857
1550 0.209159179315467
1551 0.106244644998901
1552 0.075959786017764
1553 0.113916668565683
1554 0.512470764955389
1556 0.235594351217690
1557 0.525999075983021
1558 1.169551080542272
1559 0.171895696936381
1560 2.211184626978289
1562 0.304219933580666
1563 0.077519637224180
1564 0.180824345061247
1565 0.031526461873080
1566 1.160327326556327
1567 0.183812002806655
1568 0.714935571133326
1569 0.925135901532348
1570 0.511248806706425
1571 0.157754192820508
1572 0.009445452835933
1573 0.825570312116028
1574 0.500185219265820
1575 0.189711591900506
1576 0.427519390057247
1577 0.239568963869786
1578 0.165817801783104
1579 0.228496738962693
1580 0.126259387416613
1581 0.073627978622362
1583 0.234887680919385
1584 0.012098365686735
1585 0.122857172510845
1586 0.159907527850731
1587 0.055994239277122
1588 0.104725454792464
1589 0.307366261566033
1590 1.230264152306056
1591 1.965062572471177
1592 0.992184768414391
1593 0.262657939070423
1594 0.237586321218296
1595 0.245193348493352
1596 0.324970681239919
1597 0.069357553240351
1598 0.015776233602632
1599 0.169606221699912
1600 0.318823935094048
1601 1.480810646512894
1602 0.145312075869207
1603 0.116767343122290
1604 0.085367563809274
1605 0.052672971549142
1606 0.194822463142545
1607 0.053720024699272
1608 0.003209367943378
1610 0.006279993722124
1611 0.012547760250969
1612 0.015813669619658
1613 0.439160787534855
1614 0.327483722669890
1615 0.179254347039146
1616 0.263567428344571
1617 0.248437707905411
1620 0.253707269608187
1622 0.006180975557126
1623 7.014477206520194
1624 3.401491244350887
1625 1.464985898081760
1627 4.392229849232939
1628 2.362355536325319
1629 2.192826451103553
1633 1.257077445290205
1634 1.005865058512573
1635 0.594942889941162
1636 0.002752566944107
1637 0.082308491849166
1638 0.021039844689257
1639 2.018688464516261
1640 1.979722636166839
1641 0.015779599143124
1642 0.231654182243790
1643 0.066404024004186
1644 1.371188876517050
1645 2.823221639435639
1647 0.191534993298091
1648 0.012539142679350
1649 0.705246958635510
1650 0.982069277178212
1651 0.003144148582626
1652 0.115639849471735
1653 2.279407101531789
1654 0.076055895446913
1655 0.104136425887030
1656 0.104801697358631
1657 0.652139440157135
1658 0.237202075193964
1659 0.303400649976191
1660 0.278088804414076
1661 0.373571782071334
1662 0.280403270411554
1663 0.019008169874331
1664 0.099383979636530
1665 0.011024382071871
1667 0.007900912955911
1668 0.002847634554488
1669 0.044469275575202
1670 0.006298256764376
1673 0.009629223674377
1674 0.002680942450101
1676 0.372322921359133
1677 0.611687294227890
1678 0.025272275168091
1679 0.233253847408171
1680 0.283401881788512
1682 0.013619044220479
1683 0.167729666167583
1684 0.105401456647077
1685 0.207335961587918
1686 0.305460929728922
1687 0.126915821245919
1688 0.335216381465320
1689 0.119721873615077
1690 0.193711829423110
1691 0.065493637371299
1692 0.045697130714122
1693 0.473014426448294
1694 0.023627299549836
1695 2.314999962202999
1696 0.026263200441282
1697 0.554212826348794
1698 0.219612775124732
1699 0.023272501641575
1700 0.091796126593705
1701 3.090369576315645
1702 0.028531949167431
1710 1.928740200908835
1711 1.966010815855077
1714 0.053707850364617
1715 2.495935946157569
1716 0.107594816331162
1717 0.053833395117213
1718 0.047416551812201
1719 0.381544183825329
1721 0.993944459483914
1722 0.419485288790321
1723 0.079190323928080
1724 0.295350637413509
1725 0.021753423595071
1726 0.463320551189867
1727 0.292706694641970
1728 0.205940462078620
1729 0.133426309499588
1730 0.168821018930106
1731 0.003175985788967
1732 0.165293578348986
1733 0.218520390281720
1734 0.076252822028913
1735 0.352868801600510
1736 0.155794564699185
1737 0.434703262368093
1738 0.065732025183721
1740 0.015886393125872
1741 0.287305713263369
1742 0.033091563704749
1743 0.175656223128567
1745 0.003127842559022
1746 0.069141046779176
1747 0.091603889734319
1748 0.275894230467646
1749 0.170537745697770
1750 0.795097084864967
1751 0.100954633812545
1752 0.172140738174514
1753 0.003015514763935
1754 0.060113891952633
1755 0.195163025221541
1756 0.364879898663829
1758 0.187356786963181
1759 0.053747497249575
1760 0.256765822141999
1761 0.290775011690923
1762 0.375815069776845
1763 0.063223298303386
1764 0.065751646410099
1765 0.085197011299947
1766 0.003104678861186
1767 0.354641480639406
1768 0.212687761412433
1769 0.003197613945663
1770 2.453292290688603
1773 0.537861205682377
1774 0.530705706449000
1776 1.591424628740689
1777 2.043464980823541
1778 0.676126722940758
1779 0.228605138402085
1781 1.990795610285509
1783 3.957273961138456
1784 1.838318640382050
1786 2.326916311115093
1787 1.953516403031310
1788 0.141420491702394
1789 0.338433771073560
1790 0.343047554550548
1791 0.818034021647835
1793 2.206819342389166
1794 1.858107062678092
1797 0.986595661839330
1798 0.006287251818718
1799 0.336049694529712
1800 1.820465589626477
1801 0.012468282183511
1802 0.256750283319151
1805 1.808317450564532
1806 11.667520648700039
1807 0.291241661321293
1809 0.025407601276909
1810 0.146912167181982
1811 0.014931279882449
1812 1.967210325464261
1814 3.690059924295124
1820 0.003162452225990
1822 2.156926297967439
1823 0.499087033727882
1824 0.032063645567193
1825 0.174361838467469
1826 2.384022536222290
1827 2.222787185632103
1828 5.631694547891381
1830 0.012694217563543
1832 0.183994868189298
1834 0.329426932722176
1835 0.618103788096626
1837 0.758284149836615
1839 0.523090798467625
1840 0.144858243852940
1841 0.148589664224575
1842 0.593035028935035
1844 4.561290190176954
1845 5.870007538795754
1847 0.335812259592410
1848 0.012408994754932
1849 0.062947357757977
1851 0.333720552593723
1853 0.100299517317760
1854 0.460832183143815
1855 0.003177125246046
1857 1.062306363374542
1858 0.082338639562000
1859 2.375068206107350
1860 0.002680942450101
1862 2.249825096246254
1864 0.717920190635130
1866 0.101487910014726
1869 0.334488459452973
1870 0.050322376874363
1871 0.254342423893992
1872 0.204730311440977
1873 0.139401932630843
1874 0.173667026722751
1875 0.107437154617397
1876 0.015750360213432
1877 0.035051095492475
1878 0.172549225072016
1879 0.144198254534897
1880 0.098028397024214
1881 2.488411703134849
1884 3.142459477491564
1885 0.275460818071959
1887 0.073008525929921
1889 0.009561383842344
1890 3.262373694968699
1893 0.235126527664056
1894 0.131197286953875
1896 0.230320979213373
1897 3.823588588521417
1898 0.187438335679005
1899 1.540379969172679
1902 2.383862211188902
1905 0.244554143316736
1906 0.009463593548951
1908 0.067586168747566
1909 0.227155746618134
1910 0.446595156979037
1911 0.687600612174352
1912 0.193493705038565
1913 0.114082976595826
1914 1.000832850186862
1915 0.439127869528416
1916 0.222790317718285
1919 0.102130269916617
1920 0.295514696190104
1921 12.255086072320298
1923 1.252222023988612
1924 0.189303608700460
1925 0.540513643334706
1926 0.336642329652134
1927 0.352264697527929
1928 0.070139485726901
1930 2.980932888031676
1931 0.234162370564641
1933 0.322304937585406
1934 0.490514430123868
1935 0.050260723892707
1936 0.003130250189808
1937 2.403570371877140
1938 4.039353602256863
1939 0.199158297791692
1940 0.116014898302202
1941 0.572508809131440
1942 1.275028233766746
1943 1.183093891463281
1944 0.926364139880906
1945 3.526629043244393
1946 0.159190742693949
1947 0.056805887932503
1948 0.941906192698758
1949 0.137850921059089
1950 6.300886968838303
1951 0.968131010618532
1952 0.009489092340916
1955 1.387542081878631
1957 1.138600963920696
1959 0.006225374940356
1960 0.090724938954560
1961 4.438127393337881
1962 0.691857153492055
1963 0.494857415498619
1965 1.986909088827122
1966 0.606263316793285
1967 0.859340705305495
1968 0.722274168228117
1969 1.067661881154447
1970 0.616778574050831
1971 0.951202832864972
1972 0.021998632597933
1973 6.187365212222692
1974 1.858974346185601
1975 0.445810044461204
1976 0.069344725224317
1977 0.563894991709418
1978 0.053207747091337
1979 1.219517821196100
1980 3.854316128874517
1981 2.787882024818908
1985 0.258173588796388
1986 0.136473096430300
1988 0.771562830195864
1990 1.946090138182047
1991 0.034800610018578
1994 0.389345636322222
1997 0.487476150152595
1998 4.666258879325079
2002 0.065562742335458
2003 0.431411524886711
2004 0.213047266040332
2006 4.761439055505090
2007 2.305389678892916
2009 0.915995576207240
2011 5.936238869443555
2014 0.028582756537238
2015 0.130059350857286
2017 0.413780209567204
2018 0.544250753517276
2019 0.374695152007506
2020 0.326859782804151
2021 0.259337058047421
2023 1.555732538643348
2024 0.301170921671007
2025 0.122778445910784
2026 0.425582947233125
2027 1.180236018832872
2028 0.102718258458921
2029 0.477496120862800
2030 3.279198830131565
2032 0.973015267482017
2036 1.182956644417415
2037 0.525473630816334
2038 0.056947218273722
2039 0.499255436017465
2041 2.907694708798223
2042 0.764336536753842
2043 0.470500251366614
2045 1.152904176511118
2047 6.898369005046994
2049 0.209225325819246
2050 0.003179155979480
2051 0.018887162781380
2052 1.064861503853920
2053 1.015030482118708
2057 0.037928601636516
2061 0.162307784958573
2062 2.019984750973630
2063 0.150545445914141
2064 0.361940922484347
2065 1.268954586071349
2067 3.340063272041808
2070 0.683439851082809
2071 0.005982553072824
2075 0.943964310278738
2076 0.974386160940781
2077 0.371467467454164
2078 0.388194919118196
2079 0.001092931260206
2080 0.367313222637379
2082 0.492180666989531
2083 0.693520409828851
2084 1.190696894293376
2085 2.363812649179522
2086 0.044258286513154
2087 0.380806511881588
2088 0.676705020111383
2089 0.460464194879915
2090 0.021988120252659
2093 0.186915225574926
2094 0.085779076257002
2095 0.111205622005251
2099 0.347239417746593
2100 0.249641728062858
2101 2.432894749272836
2102 1.911925309261928
2103 2.090627462729068
2104 1.730433150940747
2106 0.302375173408525
2108 0.560335267572195
2110 0.313831294176560
2112 0.182574091269900
2113 0.224925629592591
2114 0.747992914067511
2115 0.468760823254903
2116 1.980151404476288
2117 0.396796118608985
2118 0.526626549558484
2120 0.187270692961781
2121 0.009554955781890
2122 10.970794398087631
2123 0.061936377626218
2125 0.103095773503018
2126 1.278325646392873
2127 0.025320299227864
2128 0.453446818789300
2129 2.040247862410567
2130 2.227202465196307
2132 0.003070786717257
2134 2.694311740500627
2136 0.735099490679445
2137 0.306236354977400
2138 0.034114352641156
2139 2.102972511340440
2140 3.242578086671647
2141 1.727198692861600
2142 0.238168379219169
2144 5.989865770545052
2145 0.147560798903629
2147 1.351903129777672
2148 0.413550035856880
2149 0.025590666907226
2150 0.014701685739510
2151 0.228627663606564
2152 1.410723238840165
2153 0.452150354579320
2154 10.556088406440473
2155 0.009385208215914
2156 3.552895194417544
2160 0.266771768578324
2161 0.177657199262174
2162 2.352492270492508
2163 0.420630023473810
2164 0.022654423759248
2165 0.055727855931818
2166 1.632719200703878
2167 0.088920976617998
2170 0.180007897897094
2171 0.285675004287963
2174 13.533000873273334
2175 1.320551157214252
2176 1.843776007465778
2178 5.284359821924225
2179 0.657275756751771
2180 0.299142276292012
2185 8.473906442500345
2186 1.316381631355604
2187 2.020908389806955
2188 0.057100791340783
2190 0.003094574829079
2192 1.921446269942301
2193 0.601496123523065
2194 2.083938238951030
2195 3.493868032087692
2196 2.449372934629213
2197 1.007552044698400
2198 0.378858998536899
2199 1.267669658066022
2200 0.158205274400422
2201 0.390940062392370
2202 0.291478650529700
2203 0.212175354838372
2204 2.325709923802404
2205 0.041994656260112
2206 0.003151567467183
2207 0.215737223087246
2208 1.035750958937315
2209 0.267158602984047
2210 0.530597317811452
2213 0.045906954542989
2215 1.272839066950601
2216 0.831068948784008
2217 2.310347517852534
2218 0.177809734773665
2219 3.583239910778392
2221 0.337972902662250
2222 0.984481570339847
2224 2.043631024115915
2226 1.343945519520320
2227 0.028635610428683
2230 0.139665123331960
2232 0.012652267972532
2233 0.506568358105819
2234 1.764787025193210
2235 0.421018369402169
2236 0.541074865928597
2237 0.613601824481189
2238 0.249802136715962
2239 0.403474869826227
2240 0.135722291556511
2241 0.872172879668270
2242 0.588432060080345
2243 0.767713599559952
2244 0.196986383580070
2245 0.156259966825559
2246 0.640454840285684
2247 0.524104303745157
2249 0.012680421865089
2250 0.053875615542880
2251 0.404838080257910
2254 1.023928502060912
2255 0.003184070224024
2257 1.420916979238610
2259 2.074069129161854
2264 0.094543537429726
2268 0.862933649494070
2269 0.027303144352620
2270 1.159253540066896
2271 0.006327180127563
2273 2.765137251759436
2274 0.699156210863390
2278 0.708963448788048
2279 2.066526097304597
2282 0.267611538210419
2283 0.435167489403106
2284 0.164934554196089
2286 0.553549687096148
2287 0.418768118272077
2288 0.142609342456067
2289 0.727118678776082
2290 0.007597544011938
2293 2.086728964544589
2295 0.029310527962694
2296 0.560552071899607
2299 0.113123625033521
2300 1.512585528597719
2303 2.462101606230834
2304 0.149263506967775
2305 0.656960763392195
2306 0.003177125246046
2308 0.402016229672670
2310 3.306244242806034
2313 0.104123687554718
2314 0.550106215511011
2315 2.053099142868892
2316 0.379341003837754
2318 0.451044585652344
2319 0.021876535950107
2320 0.003186292576621
2321 5.728413627498302
2322 0.228023753165816
2323 0.343548259029141
2326 1.985967157835416
2328 0.992288246344269
2329 0.061077725230564
2330 0.129977791046452
2331 0.152429101831232
2332 0.457390408678003
2333 0.269749810141041
2335 0.797975936164832
2338 0.152388340988675
2339 0.095160173511356
2340 0.145325992775925
2341 0.394542537773698
2343 0.328915733072626
2345 1.253225764013827
2346 0.246739436330452
2348 0.644493714099111
2349 0.233116978675771
2355 0.009443648751586
2356 0.308447446490027
2357 1.669142385732884
2358 4.206953346644304
2359 0.177410803160104
2360 0.170456323816322
2362 2.643256629428890
2363 0.299254471704101
2368 0.795341586515442
2369 1.744651280247627
2371 0.542661131795441
2372 0.121030289250848
2375 2.930481000766420
2376 0.713554007681784
2377 4.465976707232254
2379 0.031488695976502
2380 0.963318353792464
2381 0.095031169412700
2382 0.307445020556620
2383 0.261492371281237
2384 0.151750750588671
2386 4.104330485229612
2388 1.363635127410461
2389 0.166016585882144
2390 0.405645523110752
2391 0.295097876832270
2392 0.563451941108862
2393 0.420236619510388
2394 0.456011688402357
2395 1.893258130038675
2396 0.878968813625529
2397 2.068922058662659
2398 0.381244482409524
2399 0.922391712542283
2400 2.728856384854684
2402 1.813515196954357
2403 4.039881434012572
2405 0.352179777213176
2406 0.403180150863975
2408 0.736097604737220
2409 0.243478016428311
2411 1.296847772376623
2412 0.047308797275249
2414 0.511895612781263
2415 1.000758121737699
2416 0.334666352104089
2417 0.916553012318133
2418 1.817768625822418
2419 0.006268920211355
2420 10.054634662178045
2421 0.003171398120509
2422 1.028858028383013
2425 2.687634292768471
2427 0.171158939585859
2428 0.803149709269423
2429 0.228759058507684
2431 0.488334133238886
2432 0.006242184837766
2433 0.554801389319152
2434 0.006312777780982
2435 0.022122043211723
2436 0.457900593575772
2439 0.261829276586660
2440 0.254070952215227
2441 0.165662452239534
2442 1.691619808553292
2443 1.125657998377201
2444 0.338005777654582
2446 0.003144148582626
2447 3.545522852187096
2448 0.131466923936701
2452 0.161075182371942
2453 0.008513471518752
2457 1.655973495161886
2459 0.047433634520492
2460 9.889914635372041
2461 0.048434118819732
2463 0.555340996926341
2465 0.695016284029611
2466 0.414663955728437
2467 0.462314547233145
2469 0.107415794788187
2470 0.196004667132321
2471 0.116910496799140
2472 0.815236347346820
2473 0.305782260801989
2474 0.745202496974690
2475 0.107683194560211
2476 0.120391833228890
2477 0.221401726035067
2478 0.103820629509689
2482 1.551228313184203
2483 2.024077957694720
2484 0.400459876567613
2486 0.059397510575331
2487 0.104270226277003
2489 0.006284814827300
2490 0.145288599886136
2493 3.951323406027080
2494 0.783866795296588
2495 0.003175975792699
2496 0.026717543540293
2499 0.866753040472754
2500 3.950942747903162
2501 0.235287393847905
2502 0.071288870482115
2503 1.170784441219032
2504 2.025631845660209
2506 0.149305319809889
2508 1.451247616918938
2509 0.003176422125353
2510 0.368461310365379
2511 0.234868007600416
2512 0.425751516188120
2514 0.387105959205159
2519 0.272130043718403
2520 0.082406709702839
2523 0.025458940933373
2524 1.097405148792780
2525 0.002086779809548
2526 0.246135237208361
2528 0.148816683076949
2529 0.347163118754893
2531 0.038731004877799
2533 0.006318179609249
2534 1.134940876677467
2536 0.123207405832492
2537 0.018922854757824
2539 1.480642275624496
2542 0.012474317266363
2543 0.852216373559004
2544 0.276185902229530
2546 0.455114611098292
2547 1.562374097174656
2551 0.131185857787412
2552 0.226913760376241
2553 0.337870708010560
2557 0.009406001635979
2558 0.089640922407745
2559 0.065206834452026
2560 0.299791815711650
2561 0.019848321163821
2563 0.747225494543966
2564 2.081045124489992
2565 0.006342796241018
2568 0.001202367224542
2572 0.009464368875533
2573 0.579046054220835
2574 0.379782953729409
2575 3.862262005969895
2577 0.410429475054750
2578 0.118291153089130
2580 0.092564546767179
2581 1.392797459848642
2582 0.041174355612197
2583 0.162060689799467
2584 0.003130800111276
2585 0.015654000556382
2586 0.009456512845171
2589 0.015864466069662
2592 0.152646120095025
2593 2.374427684485155
2594 4.755947890034347
2597 0.355295630048918
2598 0.435223447653990
2599 0.110713848757775
2602 0.135926022671495
2603 0.050520589643190
2604 0.028491466922085
2605 0.066582719640174
2606 0.124826725980084
2607 0.161358429712467
2608 0.148062957817342
2609 0.225898065528697
2610 0.275952481349739
2612 0.018850074933792
2613 0.226032184262817
2616 1.037312296714132
2617 0.114098819583659
2618 0.250427770060250
2619 0.037800993487036
2620 0.098202896965589
2621 0.153748756286532
2622 0.160964799603151
2623 0.095940515442584
2624 0.412559060391345
2626 0.180353233842907
2627 0.649536281589384
2628 0.385215791711727
2629 0.155394162368510
2630 0.177765784987527
2631 0.078975743307876
2632 0.223353827886640
2633 0.044160416411951
2634 0.089945997874563
2635 0.037831278709906
2637 0.190055067272964
2638 0.009443603487553
2639 0.314469069125898
2640 0.370554338595981
2641 0.144318730616967
2642 0.934224636123187
2643 0.003104678861186
2644 0.003104678861186
2645 0.561139342185098
2646 0.098301474701913
2647 0.006345739244320
2654 0.022147591679324
2661 0.385743016859604
2662 0.102852077290803
2663 0.209473958620458
2664 0.279766247745779
2665 0.066412054530921
2666 0.130014959701318
2667 0.104458894051583
2668 0.269082768883172
2670 0.209060601054846
2671 0.126815891943074
2672 0.015626611879134
2673 0.088403130896378
2674 0.165192225418018
2675 0.048448190742020
2676 0.452773676479867
2677 0.137500054966953
2678 0.318666395481841
2679 0.094669998535457
2680 0.069286342747990
2681 0.328927381120521
2682 0.012573113391766
2683 0.051923232877987
2684 0.060134041711380
2685 0.177189418023072
2686 0.107786048782678
2687 0.174184894740952
2688 0.586696143889989
2689 0.392792146265041
2690 0.057007836189195
2691 0.263268624051718
2692 0.328048045556741
2693 1.250251917485460
2694 0.460176828665083
2695 0.303214958207043
2696 0.059752822682687
2697 0.003147829509500
2698 0.183689495945453
2699 0.240884153168809
2700 0.123847898046746
2701 0.450080707273033
2702 0.163487387030663
2703 0.377278498846805
2704 0.497577152980911
2705 1.233472757759990
2707 0.057113244212525
2709 1.229098362282631
2710 0.469607896617857
2711 0.009415701342613
2712 0.139415725145288
2713 0.037986911431395
2714 0.145836330967949
2715 0.615799233904173
2716 0.158927601237232
2717 0.206510230490008
2718 0.841383190442878
2719 0.025337748697492
2720 0.126553387246096
2721 1.493997421714406
2722 0.534884273717567
2723 1.938158227440016
2724 0.458992679414178
2725 0.005202954965975
2726 0.056765376707546
2728 0.050759237917279
2729 0.044271099911367
2732 0.115346333690950
2733 2.062584237932205
2734 2.068193419853136
2735 2.024568712055532
2736 1.552698033412876
2738 0.376121650466060
2739 0.064464097901004
2740 0.082393443240755
2741 0.391830296586855
2742 0.041738354586813
2745 1.607524654278554
2746 0.045721138412492
2747 0.545744251216418
2749 1.268632693304976
2751 0.006187363419229
2752 2.370232745274887
2753 1.061790965076853
2754 0.158939544268431
2756 0.784142242443004
2758 0.262230048052567
2759 0.006313970128772
2760 0.086467447211511
2761 0.860505012578618
2762 0.171395580308881
2763 0.450192486641427
2764 0.642087783512413
2766 0.148166186661925
2767 0.447364300692184
2768 0.009443895202174
2769 0.057025353480557
2770 0.185825257828690
2771 1.754209473089218
2778 1.262928511655889
2779 1.718497684419923
2780 0.657456272400815
2781 0.550746586246320
2782 1.089532256624550
2783 0.695300321451331
2784 0.944483988621127
2785 0.110796593358206
2786 0.929923120801891
2787 1.169084030612346
2788 0.709319052822049
2790 0.751654850850113
2792 1.339551217086683
2795 1.250681424117264
2799 0.130246029618588
2802 0.394986868159018
2803 1.383735828087402
2804 0.005969208285660
2807 0.909775252068173
2809 0.076197422889490
2810 0.209634255792270
2812 0.513207357426617
2813 0.504511067569747
2815 0.489655664830057
2819 1.238113078355954
2820 0.539566971993141
2822 0.583025646848236
2823 0.516376513581294
2824 0.504268302172350
2826 0.134902169790637
2827 0.136087345913265
2828 0.053811727329044
2829 0.003104678861186
2830 0.063286545357528
2832 4.492126577574692
2833 0.053422756520311
2834 1.506527017105900
2835 0.662479012560160
2836 0.228370059155849
2837 0.009473940396963
2838 0.546662988969339
2839 0.641776650603715
2840 0.399384118172441
2842 0.003162856366947
2843 0.184867941272028
2844 2.155467170483189
2846 0.634796454040001
2847 2.177100950470612
2848 0.006261600222553
2849 0.835221366871927
2850 0.206855330369176
2851 0.356915251447884
2853 0.117424759112662
2854 0.012913040257177
2856 0.113027510304874
2858 0.368215780491778
2861 4.716032131581707
2862 0.094837591524043
2864 0.618981620108780
2865 0.237752549641967
2866 0.218497748179885
2867 5.673337461662672
2868 0.073401983981203
2869 0.246488105476290
2870 0.760412005626944
2871 0.140956173948394
2872 0.040952261073636
2873 0.003095575907220
2875 0.361339102319005
2876 0.000000000001174
2877 0.565449433407603
2878 0.031691594400909
2880 0.006355093128200
2881 0.107727319075566
2883 0.768133117936502
2885 0.556050520319712
2889 0.341496020137559
2890 0.457088573387974
2893 0.998967671274080
2894 0.224145299816924
2896 0.006255685118045
2897 0.031657347696763
2899 0.183868167590676
2900 0.165228096542483
2902 0.003084209211703
2904 0.009509953050670
2905 1.987792722268630
2906 0.418789154194356
2907 0.145751307265545
2908 0.247427155912701
2909 3.412271740619681
2911 0.847177715062341
2912 0.009368858921152
2913 0.140930662331027
2914 0.003154679802058
2915 0.101395394141581
2916 0.174761219791662
2917 0.190484975020117
2919 0.640124737643044
2920 0.362212120132672
2923 2.798233379212842
2925 1.134936915446095
2926 0.003177125246046
2927 3.784799438385091
2928 0.480932346784802
2929 0.008434259664448
2934 1.311590326113149
2935 0.123172277956448
2936 0.212969801890388
2938 0.030674549583825
2939 0.063507838074796
2940 1.042764371263856
2941 0.159071161032296
2942 0.427862427813828
2943 0.576230458722220
2944 7.247263155132739
2945 0.156010509167345
2947 0.180712458713132
2948 0.168932604946789
2950 0.150116088659302
2952 0.522969090080330
2953 2.314177331438295
2955 0.592096718267554
2956 0.124220980341833
2957 0.152921434630612
2959 0.263590566874742
2961 0.956591884281440
2963 3.623688915723938
2964 0.038264178564591
2965 4.662577744131369
2966 0.088699586978955
2968 0.088637953323361
2969 0.005899993377254
2970 0.040820957884240
2971 0.010383068019255
2972 0.881112232394447
2973 3.372249671029601
2974 0.490495014075592
2975 0.392504343851647
2978 3.245650392719799
2980 0.009542689884366
2981 0.014862278453876
2983 2.520324389950402
2984 0.218737728062155
2985 0.041067488732043
2986 0.530839394132859
2987 0.929612241460710
2988 0.615923595241378
2989 0.358964469471688
2990 0.069742363114537
2991 0.051936524377869
2992 0.837919690059043
2994 0.682384630632854
2995 2.575700106384374
2997 0.146454604454875
2999 0.171614244724374
3000 0.117799036579780
